site	rate
1	0.068
2	0.514
3	0.502
4	0.905
5	0.068
6	0.074
7	0.067
8	0.099
9	0.067
10	0.346
11	0.067
12	0.067
13	0.328
14	0.271
15	0.067
16	0.067
17	0.070
18	0.067
19	0.068
20	0.072
21	0.067
22	0.067
23	0.067
24	0.067
25	0.091
26	0.082
27	0.094
28	0.067
29	0.067
30	0.067
31	0.650
32	0.317
33	0.067
34	0.067
35	0.911
36	0.067
37	0.067
38	0.067
39	0.377
40	0.067
41	0.067
42	0.339
43	0.067
44	0.204
45	0.911
46	0.911
47	0.067
48	0.345
49	0.346
50	1.390
51	0.911
52	2.677
53	0.236
54	0.911
55	1.264
56	2.445
57	0.839
58	1.396
59	0.348
60	2.677
61	0.346
62	0.911
63	0.905
64	0.911
65	0.349
66	0.911
67	0.911
68	2.676
69	2.677
70	0.911
71	0.910
72	0.350
73	0.908
74	0.346
75	0.914
76	0.067
77	0.910
78	0.068
79	0.365
80	0.068
81	0.068
82	0.067
83	0.067
84	0.349
85	0.346
86	0.345
87	0.354
88	0.069
89	0.067
90	0.067
91	0.068
92	0.067
93	0.067
94	0.067
95	0.792
96	0.067
97	0.068
98	0.067
99	0.148
100	0.911
101	0.067
102	0.067
103	0.067
104	0.219
105	0.346
106	0.910
107	0.849
108	0.078
109	1.650
110	0.069
111	0.067
112	0.349
113	0.067
114	0.067
115	0.067
116	0.074
117	0.067
118	0.067
119	0.068
120	0.067
121	0.068
122	0.067
123	0.067
124	0.067
125	0.350
126	0.274
127	0.067
128	0.071
129	0.193
130	0.351
131	2.676
132	0.067
133	0.911
134	0.067
135	0.920
136	0.493
137	0.067
138	0.911
139	0.067
140	0.338
141	0.067
142	0.301
143	0.344
144	0.174
145	1.099
146	0.070
147	0.345
148	0.067
149	0.911
150	0.067
151	0.068
152	0.101
153	0.346
154	0.067
155	0.346
156	0.724
157	1.460
158	2.677
159	0.346
160	2.676
161	2.677
162	1.507
163	2.676
164	2.677
165	1.001
166	2.676
167	0.067
168	0.068
169	0.353
170	2.500
171	0.911
172	0.911
173	0.192
174	1.922
175	0.911
176	0.067
177	0.911
178	0.069
179	0.091
180	2.677
181	0.881
182	0.352
183	0.450
184	0.483
185	0.228
186	0.911
187	0.915
188	0.347
189	0.346
190	0.911
191	0.888
192	0.490
193	0.069
194	0.347
195	0.067
196	0.067
197	0.069
198	0.070
199	0.067
200	0.883
201	0.068
202	0.069
203	0.068
204	0.911
205	0.067
206	2.662
207	0.349
208	0.911
209	0.134
210	0.344
211	0.902
212	0.798
213	0.911
214	0.899
215	0.910
216	0.911
217	1.000
218	2.134
219	0.912
220	2.677
221	2.677
222	2.677
223	2.677
224	2.677
225	2.000
226	2.332
227	2.677
228	0.618
229	0.911
230	0.346
231	0.368
232	0.911
233	2.666
234	1.165
235	2.677
236	2.677
237	2.677
238	2.677
239	0.911
240	0.911
241	0.911
242	0.345
243	0.914
244	0.911
245	0.413
246	0.349
247	2.677
248	0.919
249	2.677
250	0.911
251	2.490
252	0.387
253	0.436
254	0.336
255	0.067
256	0.339
257	0.347
258	0.067
259	0.069
260	0.911
261	0.070
262	0.068
263	0.067
264	0.346
265	0.390
266	0.911
267	0.911
268	0.346
269	0.944
270	2.677
271	0.911
272	0.301
273	0.067
274	0.911
275	0.911
276	0.067
277	0.067
278	0.067
279	0.346
280	0.354
281	0.352
282	0.067
283	0.067
284	0.070
285	0.067
286	0.622
287	0.346
288	0.068
289	0.359
290	0.147
291	0.067
292	0.067
293	0.067
294	0.067
295	0.070
296	0.067
297	0.068
298	0.067
299	0.067
300	0.067
301	0.067
302	0.911
303	0.346
304	0.469
305	0.333
306	0.909
307	0.911
308	0.126
309	0.911
310	0.067
311	0.068
312	0.314
313	0.312
314	0.067
315	0.908
316	0.067
317	0.068
318	0.911
319	0.584
320	0.346
321	0.378
322	0.911
323	0.346
324	0.086
325	0.067
326	0.067
327	0.067
328	0.068
329	0.067
330	0.067
331	0.067
332	0.067
333	0.067
334	0.067
335	0.092
336	0.068
337	0.346
338	0.319
339	0.872
340	0.912
341	0.592
342	0.346
343	0.069
344	0.297
345	0.822
346	0.186
347	0.911
348	0.067
349	0.911
350	0.910
351	0.068
352	0.346
353	0.067
354	0.067
355	0.067
356	0.078
357	0.067
358	0.067
359	0.069
360	0.067
361	0.067
362	0.067
363	0.067
364	0.067
365	0.067
366	0.841
367	0.067
368	0.067
369	0.067
370	0.322
371	0.069
372	0.067
373	0.344
374	0.069
375	0.067
376	0.067
377	0.811
378	0.067
379	0.067
380	0.911
381	0.324
382	0.069
383	0.078
384	0.911
385	0.911
386	0.400
387	0.911
388	0.725
389	2.677
390	0.346
391	0.346
392	0.911
393	0.076
394	0.180
395	0.911
396	0.911
397	0.911
398	0.893
399	2.160
400	0.346
401	0.346
402	0.093
403	0.911
404	0.379
405	0.067
406	0.911
407	0.067
408	0.067
409	0.911
410	0.067
411	0.067
412	0.068
413	0.430
414	0.067
415	0.067
416	0.067
417	0.911
418	0.911
419	0.067
420	0.067
421	2.677
422	0.911
423	0.890
424	0.362
425	0.911
426	0.380
427	0.074
428	0.067
429	1.408
430	2.677
431	0.346
432	0.334
433	0.900
434	0.342
435	2.677
436	0.911
437	0.910
438	2.677
439	0.791
440	0.088
441	0.900
442	1.033
443	0.346
444	0.067
445	0.881
446	0.358
447	0.067
448	0.067
449	0.911
450	0.348
451	0.911
452	0.067
453	0.904
454	0.911
455	0.346
456	0.093
457	0.911
458	0.108
459	0.067
460	0.073
461	0.067
462	0.347
463	2.674
464	0.911
465	0.911
466	0.346
467	0.912
468	0.914
469	0.072
470	0.350
471	0.067
472	0.351
473	0.096
474	0.911
475	0.607
476	0.902
477	0.911
478	0.870
479	1.034
480	1.131
481	0.067
482	0.067
483	0.851
484	0.911
485	0.346
486	0.911
487	0.346
488	0.220
489	0.067
490	0.067
491	0.067
492	0.067
493	0.906
494	0.354
495	0.346
496	0.067
497	0.346
498	0.308
499	0.336
500	0.911
501	0.911
502	0.530
503	0.346
504	0.890
505	0.067
506	0.346
507	0.752
508	0.354
509	0.068
510	0.067
511	0.346
512	0.268
513	0.363
514	0.632
515	0.366
516	0.904
517	0.347
518	0.911
519	0.913
520	0.911
521	0.346
522	0.080
523	2.667
524	2.677
525	0.911
526	0.067
527	2.677
528	2.676
529	2.676
530	0.911
531	2.677
532	2.677
533	0.356
534	2.677
535	0.198
536	0.904
537	0.910
538	2.677
539	0.911
540	0.067
541	2.676
542	0.911
543	0.067
544	0.397
545	0.911
546	0.898
547	0.235
548	0.067
549	0.067
550	0.067
551	0.911
552	0.911
553	0.067
554	0.911
555	0.346
556	0.349
557	0.911
558	2.600
559	0.436
560	0.069
561	0.345
562	0.346
563	0.124
564	0.313
565	0.067
566	0.907
567	0.339
568	0.893
569	0.068
570	0.070
571	0.346
572	0.095
573	0.067
574	0.067
575	0.069
576	0.067
577	0.067
578	0.067
579	0.240
580	0.068
581	0.067
582	0.067
583	0.067
584	0.067
585	0.067
586	0.911
587	0.360
588	0.086
589	0.346
590	0.910
591	0.068
592	0.067
593	0.911
594	0.323
595	0.067
596	0.067
597	0.349
598	0.911
599	0.067
600	0.542
601	0.067
602	0.376
603	2.677
604	0.346
605	2.677
606	0.067
607	0.911
608	2.677
609	0.911
610	0.228
611	0.911
612	2.677
613	0.449
614	0.911
615	2.677
616	2.677
617	0.346
618	0.630
619	1.519
620	0.911
621	0.345
622	0.911
623	0.418
624	0.348
625	0.347
626	0.123
627	0.344
628	0.386
629	2.677
630	0.307
631	0.346
632	2.677
633	0.348
634	0.067
635	0.859
636	0.338
637	0.339
638	0.911
639	0.067
640	0.068
641	0.067
642	0.911
643	0.068
644	2.676
645	2.515
646	0.353
647	1.601
648	2.677
649	0.311
650	0.365
651	2.677
652	0.067
653	0.079
654	0.899
655	0.349
656	0.070
657	0.347
658	0.911
659	0.345
660	0.077
661	0.067
662	0.909
663	0.908
664	0.911
665	1.764
666	2.677
667	2.677
668	2.677
669	2.677
670	2.677
671	2.677
672	2.677
673	2.677
674	0.356
675	2.558
676	0.067
677	0.067
678	0.352
679	0.323
680	0.067
